1.5952725186638244 9.97840367199916
3.1335137969231845 5.127991862499597
1.4913286877169982 8.452338961533602
1.1984694438976988 8.252669691582671
3.8194712329561895 8.109583257318148
2.5235288765013077 5.52567916011953
7.158131358256346 7.080918814133174
5.386282860907656 9.81063125497582
8.864557215754347 9.522410348353603
7.142233494215244 1.595306986812838
7.678617877807809 5.411499056984821
6.694655805739406 0.9258779670372023
8.67600274301131 7.2373291502490975
3.097797485657624 7.73098220023289
2.6519491757404166 9.816661405394775
2.2042496491452126 3.646059272002594
9.366724418016132 0.7613300376430976
5.847301621500031 5.028750424587454
5.168488779449866 6.661287303283044
2.006286628334619 9.782377520831092
