5.44669571457 6.99305197396
5.3398241347 5.79395218531
3.29571127355 4.83238731369
4.50591327653 5.78007920036
3.44165764816 5.48629198689
3.43518479217 6.26845014133
5.66464306106 7.16788588035
5.74248397511 7.84699903732
5.3383655899 6.71290931654
3.87423887024 7.01938156467
4.74119442813 6.40463297751
4.57675011117 5.90691862256
1.80658749077 6.30490985378
4.1456841374 5.80568941291
5.37572913246 6.62852183198
2.02782234323 4.89622955253
5.25889858793 8.2389325212
3.91823666597 6.40658162366
6.56179769697 8.31992895965
4.70639894124 6.58634002725
3.71399750342 6.22865826006
4.17037078181 6.63079844141
3.56664855219 6.74223908439
4.0408205862 5.83958236399
3.55246874475 5.10104677724
3.61607106482 6.38740886795
5.33952952979 6.36270460715
6.08897852748 7.89887949307
4.72469992589 6.46239760089
3.80954809269 7.52879211116
5.24273376938 6.33833326021
4.69635045342 6.45596123807
4.70470062158 5.70103425346
8.13188390534 6.64421659168
6.10757484052 5.61217822109
5.27782599784 3.36173614253
5.7467862314 4.23915770973
6.52099020293 6.34871366833
5.77226413277 4.22198551877
6.73418857733 5.85806014282
6.95828422965 3.60789309319
4.74407474733 5.12295232947
6.68187446599 4.64098095488
8.0307939736 6.03430804428
5.70509403522 4.03031809072
6.2018658027 6.74221648478
4.25115068278 2.81641629916
5.85416545036 5.90653400037
4.89755208193 4.82072876662
6.18697346594 6.18019204345
