4.22596857097 7.05707297519
2.28102044912 4.89462634265
4.92074005983 8.19444978039
5.36964643928 6.24732971405
6.2121652041 6.86326463094
5.34026911857 6.30938056254
4.74354064157 7.94073127605
4.82514271756 6.98083558469
2.63508448985 5.19758301257
3.16853342225 5.95438922205
6.51860902809 6.98535679961
5.74299763022 6.69846816923
3.5463285577 6.13500254876
5.57404401156 6.47312441719
4.45813183027 7.1619778771
5.32997144769 6.48428550615
4.4814299058 5.60850156693
4.86324352581 6.42261991421
4.84331732723 5.99019311639
4.18160864883 5.19742938714
4.34100402759 6.67617975789
3.26937188432 4.87977957494
5.25376118054 7.2413570933
5.07634930489 5.90431270012
3.85741521844 4.79157534102
4.84521916911 7.39294740283
4.38950053421 5.83212901972
5.05719766713 5.76623081839
4.70652701062 6.24050408756
5.83667002126 6.70124559751
6.06283489381 6.85845094069
5.60985798069 8.00843167671
4.45826798339 7.5227304297
4.47403057296 6.89837115362
4.372189577 6.98563956759
5.55376142535 6.72126553454
5.76640741793 5.84249975743
4.48163409878 6.35132486119
3.74255271587 6.12504889789
3.23140203508 5.42497332999
5.8618423961 6.92265470929
6.36043530799 6.88547042576
2.81536754293 4.6853016254
3.92932324576 4.21528214795
4.26206406659 6.24333448787
3.35645032875 6.17831143434
3.92898774571 6.24939896308
4.14887616307 7.16957306265
6.26953150545 7.84869221666
4.2224658115 5.19961680613
4.76276011902 6.02265898932
3.84407937145 6.03375658423
5.2502340688 7.35449288993
4.05071843159 6.01455670037
5.132153179 7.61094828495
5.94685057399 6.6208975465
2.69915167902 4.65733074104
4.87408512586 8.4610678146
3.156799599 6.68753586826
4.59117669229 5.44677147878
4.2880295865 7.48874765363
5.88818961534 7.08451578848
3.90512835636 6.41086575214
5.74816449842 7.25522483817
4.83578044138 7.21136774466
3.9119690372 6.74010083607
5.21218763409 7.35340391566
5.98984926434 6.60941172413
5.33867643809 7.55842676161
4.02313345614 5.24728459176
3.99478521443 7.05823697273
3.80015234911 6.0277508505
2.81365346223 7.58836566292
5.53541224818 5.55938771654
6.05428209625 7.16875722931
4.56149279594 6.84493745117
4.75588427498 6.00421774046
5.20531487205 7.43144342111
5.44299279817 6.87027056069
4.56003783155 6.16338407483
4.18559414928 4.77594359027
5.3269307139 7.67651149573
4.43062063366 6.59365190469
4.25678514675 7.43948482728
2.3676548049 5.13991637134
3.34085031514 4.94026679482
5.67874313372 6.18162789555
3.72430616774 5.26216106061
2.82612961132 6.90982283324
3.81140410524 6.1916509093
4.69714095967 7.54475650246
2.18157083381 4.15484264408
4.94698371314 7.22040312062
5.70679312115 7.09331637236
4.34363715871 6.14348963603
4.35730502377 7.6883504793
4.95588432201 6.45369381962
2.6136299585 5.97213492568
5.35306930993 8.29828519617
4.670686956 5.64176029841
5.21618682471 6.81556604818
5.50048720259 7.55090492401
5.48696831405 6.30182495929
6.51584860347 7.09780990882
4.01009148328 7.1347997759
4.31164649323 5.0765127227
4.59646243481 5.00761471308
5.08276972886 6.37797869393
5.32229713872 7.60703147704
4.62446911364 6.63038341251
4.99696109306 7.0717045841
5.99257928158 7.00237381933
6.57459875747 7.57927980962
5.32957467111 6.13790105722
5.04058152079 6.01383433694
4.6460299295 8.16997934701
5.1262037423 6.9538607335
3.33004075377 6.51922600871
4.05090344841 6.73289080621
4.49400089694 8.34335252629
5.78897737124 6.16556088407
4.30526612661 6.4319378642
4.93501285124 6.73769020111
3.10406939958 6.32555169643
3.8022219189 6.46917269576
6.1750659039 7.97880208402
5.26232197582 7.78685627856
5.53158429415 7.10546708082
4.2611903214 7.78352961025
4.97649115026 5.57862004219
4.08659212456 5.93546933975
4.46324320204 6.63206372275
4.73406606698 6.42719802501
6.35593694391 4.58487363703
5.83343741701 4.91699850669
6.0012232274 5.18214757879
4.0791965919 4.29494123846
4.96918198495 5.30641631675
8.26849228504 5.39934649299
4.40774575913 3.66264973961
6.6009871119 4.06810212678
6.60991001865 4.33912329454
6.22724089539 3.00855349755
5.99452428184 4.68987888571
6.80109048501 6.67375430048
6.41189353162 4.73080836106
5.05723462972 2.67762405182
6.28907874417 4.13216120016
5.3384983039 5.44807482702
5.75322048713 4.65274988752
4.7407415672 5.38894595702
3.83910876274 2.73222696931
6.37282962395 7.03492702878
5.91082974466 4.86060699619
5.6703334025 4.78986445912
7.0667779117 5.62781851081
7.1258052715 6.27003919861
5.47938043701 4.73390950596
3.88135211437 4.03958118263
6.45668174991 4.439327623
6.57993523584 4.54211622714
6.18038045419 4.67022419888
5.4029786641 4.79433554933
6.29177802454 5.1453005096
5.13162163088 4.53821146408
6.29688693521 4.76122378903
6.01176885978 5.58545218845
6.61631410997 4.68242569061
7.18318844549 4.86087359336
5.94006005523 4.64365059186
7.62672851681 4.19821392989
7.01985422689 4.18070905496
6.19300697756 4.28402577788
5.99353768931 6.55686862804
6.04144680831 4.53072811424
5.722811407 6.74068668518
8.45705222344 4.29109537436
4.47954330867 3.61527479644
6.11668400155 6.67226647992
7.57431197896 7.73215083049
5.35488382751 6.45390772745
3.51898080297 3.84724795199
5.35037805781 7.46321565725
4.91096609496 6.6900557757
6.01778317779 5.02990459959
5.79536497829 4.13595353326
5.02026611569 4.11213591111
4.87196989453 3.90107291046
6.33720883854 7.0421373074
6.01312604563 3.45881181625
7.62505576432 6.40293816417
6.3887571967 5.24280326778
7.25092034208 6.35412521244
6.15880527268 3.74458025888
6.00171205022 5.07097459708
6.71718972841 6.13936872586
3.58727625398 4.90229987187
4.10643857791 5.67472984393
7.07690689373 4.40461610328
6.96266494794 6.2749272101
