4.974963488816188 3.9945348035511294
4.630228670399541 6.276329510443733
4.323667697549341 0.828048108887206
1.3311874082619273 10.987776462443552
1.4189114364392466 9.521504781806527
5.735796645666247 8.06133827323408
5.916393613451667 10.326543557091663
8.211958181847661 10.29379179665378
8.652954113702528 4.270581899644149
6.568053806367374 9.855927906044027
7.247747015292818 5.482349537946559
7.922357436135554 5.19529840993257
4.718645762480295 10.2858197231657
10.90788850685568 6.7985107018362925
7.011632397155697 10.65241594875356
1.0383266938356628 7.128267288430937
3.0268195423213102 2.6598461986161874
3.324180160338007 10.159394352875813
9.474614310047592 1.9459126003028198
6.831898497006317 3.4530402868751775
9.391518105821335 3.181412719565037
7.20664801594484 10.771304343358832
2.974885700741339 5.010093574167585
10.72048715198981 5.698437161743067
9.391424993560504 2.2853683014499877
8.998293250022993 1.6702294595612315
10.137901385465119 5.236283398632423
8.743722424344348 9.219533116716017
6.901106557770147 5.2177021512878925
1.4182818806475967 9.01577434769958
1.1872290962982148 8.535657726421874
1.4902359803660068 5.582266859433499
7.46511064530748 0.6075417240769085
3.276625570338583 9.199902055495626
8.194187831949769 5.968632812712322
2.6539008477748496 3.0989411968524485
7.73409273903496 5.249930911605874
7.14048637954314 6.233293988115366
0.2363312658292399 5.958450811300153
2.0071786158238156 10.21015118998998
4.953221876384405 3.124327387890774
3.4305012241236685 8.560808141767533
1.8332903676890948 3.5480800820093603
1.6872460930385078 10.233146254953684
6.69508494274905 3.295704670254626
0.6888058266478586 4.534593605148101
7.694352264806632 7.987658833426174
4.577902140264948 0.9011585175635114
10.824733763596031 2.8176879621237596
5.959202711638849 5.800399754485899
0.17376463642079198 4.163077639537726
8.254799398206664 3.113104942972126
9.076405461707754 8.246842267977206
4.3408828513818225 1.1018045844400026
8.181214028755004 5.097586675807609
0.8080396697277773 5.766902456783092
5.96353120816123 3.5795958458856214
0.6263431793575363 2.286266169126818
3.991902761865219 5.47382925826777
3.3065146771725433 1.2377637270738857
9.12996249582515 2.921922024032673
8.05187155067708 9.97231198094826
3.816761053756058 0.17690407536003272
0.5795684761176209 8.58642520568497
4.966165547005305 2.170039148063826
7.111323987878888 7.90585040278205
1.5105686372644191 3.8689356053850052
7.074862841476796 7.355736890379721
5.706069810622106 2.558775829365521
3.168799159123136 1.491073149905036
7.478953687923488 0.26999769264111684
1.124260900129157 7.032544398489444
9.016856764256355 3.6728896604764714
5.026904167135125 6.991122750357888
0.17498266721404987 5.3165352548426075
6.185644282297717 2.9970913209772503
8.188294679357353 2.4176291063476274
4.560507520923909 7.296417058391151
9.717581544547905 10.83179880559788
6.698148210818962 6.097195397129119
5.432350617316835 6.856389396115812
8.392616931669956 5.3547472440274175
0.2896249753540766 9.725105444400016
7.675395686851001 0.9329949411020485
8.227398143331387 10.375057470333072
6.071167951790004 5.676632604201569
10.274593115105304 6.4315934501395615
4.189249370062292 5.570960326536557
2.1777038187968114 5.148276473819368
10.30278116383619 8.08873383856807
1.7314272720390842 3.0783011037330192
10.892762009228365 0.8726546340342961
2.5787246395222247 10.150840175628733
7.556182735035721 2.73746385176474
9.077199915222284 0.19509668063853003
0.38263193052330113 7.073389068272907
1.1737729565016943 5.23263299367614
7.287112300422735 0.04509869104902109
9.716377819384023 3.156496732725298
5.457058185461015 4.701863827362964
