4 1 250 4
3 21 5250 42
2 2 500 10
3 5 1250 38
4 3 750 71
15 16 4000 82
4 5 1250 58
2 9 2250 75
16 1 250 16
4 4 1000 46
11 4 1000 16
6 3 750 14
23 1 250 23
12 11 2750 39
16 4 1000 23
2 6 1500 28
2 4 1000 16
2 6 1500 28
11 6 1500 28
4 8 2000 48
2 1 250 2
2 1 250 2
11 22 5500 98
2 1 250 2
16 1 250 16
23 3 750 33
23 1 250 23
4 1 250 4
21 2 500 23
8 8 2000 52
2 44 11000 98
2 6 1500 26
14 5 1250 64
4 6 1500 14
14 13 3250 57
8 9 2250 64
3 17 4250 86
2 3 750 77
4 19 4750 69
23 4 1000 53
4 5 1250 16
4 1 250 4
14 3 750 26
21 1 250 21
16 2 500 16
14 2 500 14
4 2 500 51
21 2 500 33
23 38 9500 98
4 6 1500 30
21 3 750 38
18 2 500 23
9 4 1000 65
21 3 750 35
5 7 1750 26
14 2 500 14
11 8 2000 52
2 1 250 2
16 15 3750 87
4 4 1000 16
14 7 1750 72
4 3 750 34
14 5 1250 28
2 1 250 2
14 2 500 14
7 10 2500 47
3 5 1250 26
14 3 750 83
2 2 500 33
23 1 250 23
2 8 2000 35
23 1 250 23
6 3 750 26
16 2 500 26
23 12 3000 86
4 23 5750 58
16 1 250 16
4 6 1500 46
21 1 250 21
9 3 750 52
11 6 1500 26
4 9 2250 38
23 8 2000 64
4 1 250 4
14 5 1250 74
0 2 500 4
2 2 500 11
1 14 3500 58
11 11 2750 42
9 2 500 52
11 5 1250 38
2 5 1250 16
4 5 1250 46
11 1 250 11
11 11 2750 38
2 15 3750 64
2 3 750 52
11 3 750 23
2 5 1250 47
11 5 1250 35
11 1 250 11
21 3 750 26
23 3 750 62
4 7 1750 52
2 1 250 2
11 2 500 17
16 1 250 16
6 22 5500 28
11 8 2000 72
14 3 750 52
4 6 1500 35
2 6 1500 28
16 6 1500 40
15 5 1250 33
14 4 1000 23
23 19 4750 62
2 2 500 11
16 3 750 23
2 12 3000 52
4 1 250 4
14 8 2000 26
4 5 1250 23
2 6 1500 26
14 4 1000 57
4 8 2000 40
4 1 250 4
4 7 1750 58
16 7 1750 39
2 3 750 9
4 8 2000 46
9 3 750 14
8 9 2250 58
21 6 1500 86
2 1 250 2
2 1 250 2
23 6 1500 45
2 4 1000 16
16 5 1250 40
11 1 250 11
11 1 250 11
11 6 1500 71
4 6 1500 38
1 7 1750 57
16 5 1250 27
16 4 1000 58
4 2 500 4
2 3 750 35
2 6 1500 15
16 3 750 21
14 2 500 14
6 17 4250 70
23 2 500 28
11 5 1250 35
4 6 1500 41
21 3 750 40
2 1 250 2
21 1 250 21
4 2 500 29
2 3 750 16
16 5 1250 60
14 3 750 21
4 3 750 28
21 1 250 21
4 9 2250 52
2 16 4000 81
2 2 500 2
4 2 500 4
23 8 2000 46
2 4 1000 16
11 1 250 11
2 9 2250 74
14 1 250 14
16 6 1500 35
7 5 1250 35
16 2 500 70
9 1 250 9
23 4 1000 52
16 3 750 50
10 4 1000 16
2 6 1500 15
1 12 3000 35
4 1 250 4
9 8 2000 38
3 6 1500 21
14 8 2000 50
2 2 500 11
2 5 1250 33
4 4 1000 4
16 1 250 16
11 17 4250 79
2 5 1250 63
11 5 1250 50
7 9 2250 89
4 5 1250 33
4 2 500 31
14 5 1250 28
2 1 250 2
16 4 1000 28
2 11 2750 46
2 2 500 11
2 1 250 2
2 3 750 22
2 1 250 2
16 1 250 16
21 1 250 21
23 5 1250 58
11 4 1000 27
2 6 1500 22
21 3 750 70
17 7 1750 58
2 3 750 38
2 1 250 2
2 1 250 2
2 10 2500 64
21 13 3250 57
4 1 250 4
2 1 250 2
2 3 750 75
14 3 750 19
5 14 3500 86
2 11 2750 79
21 1 250 21
23 2 500 38
4 1 250 4
1 13 3250 47
23 1 250 23
23 15 3750 57
2 5 1250 11
4 13 3250 39
14 2 500 14
7 14 3500 48
13 3 750 16
2 5 1250 16
2 1 250 2
20 14 3500 69
21 16 4000 64
11 3 750 28
38 1 250 38
11 1 250 11
4 1 250 4
23 2 500 87
12 15 3750 71
14 3 750 26
4 1 250 4
14 7 1750 73
0 8 2000 59
11 3 750 76
4 2 500 4
16 7 1750 87
4 1 250 4
7 12 3000 86
14 7 1750 26
2 4 1000 26
21 1 250 21
4 5 1250 23
2 7 1750 14
16 2 500 16
7 2 500 16
4 1 250 4
2 2 500 4
2 8 2000 38
2 4 1000 16
14 4 1000 40
11 1 250 11
4 17 4250 71
4 11 2750 78
11 2 500 52
11 8 2000 46
11 7 1750 75
14 8 2000 46
2 14 3500 57
8 15 3750 77
21 1 250 21
2 20 5000 45
4 7 1750 62
2 6 1500 22
11 10 2500 35
4 7 1750 28
21 6 1500 48
26 5 1250 49
10 8 2000 39
2 3 750 14
11 3 750 15
16 4 1000 40
2 10 2500 28
4 10 2500 28
2 7 1750 28
4 6 1500 28
2 2 500 2
4 7 1750 25
23 4 1000 45
11 3 750 40
4 3 750 16
4 6 1500 35
23 3 750 28
2 1 250 2
2 6 1500 41
14 5 1250 26
11 1 250 11
14 4 1000 38
4 1 250 4
11 3 750 23
16 7 1750 28
2 43 10750 86
2 3 750 11
21 5 1250 60
4 6 1500 35
4 6 1500 39
14 1 250 14
16 3 750 40
10 5 1250 38
16 1 250 16
14 1 250 14
2 10 2500 49
21 1 250 21
2 2 500 16
21 2 500 21
4 1 250 4
4 2 500 4
14 7 1750 47
21 3 750 64
4 1 250 4
11 4 1000 59
14 4 1000 64
72 1 250 72
21 2 500 23
14 1 250 14
2 2 500 11
16 8 2000 76
2 4 1000 26
4 6 1500 43
21 1 250 21
2 3 750 22
2 1 250 2
16 1 250 16
4 3 750 25
9 5 1250 51
4 7 1750 22
11 2 500 21
12 13 3250 59
2 9 2250 36
4 6 1500 16
16 1 250 16
7 5 1250 52
2 1 250 2
1 9 2250 51
14 5 1250 14
16 3 750 35
11 4 1000 58
4 5 1250 26
23 1 250 23
2 13 3250 32
16 4 1000 33
16 3 750 86
2 3 750 14
4 12 3000 88
4 1 250 4
2 3 750 4
23 3 750 35
2 3 750 4
16 11 2750 40
9 1 250 9
2 2 500 11
4 11 2750 64
3 4 1000 29
2 1 250 2
39 1 250 39
16 3 750 46
23 8 2000 69
4 4 1000 4
2 12 3000 47
4 5 1250 35
14 1 250 14
23 1 250 23
2 4 1000 11
4 10 2500 28
2 11 2750 26
16 1 250 16
2 1 250 2
16 2 500 27
2 12 3000 98
2 7 1750 58
14 1 250 14
14 3 750 31
3 16 4000 74
14 4 1000 28
4 16 4000 38
4 7 1750 82
16 10 2500 89
5 24 6000 79
3 14 3500 35
16 1 250 16
21 3 750 35
11 2 500 11
4 5 1250 11
3 2 500 23
2 4 1000 35
23 1 250 23
16 16 4000 77
4 4 1000 41
2 6 1500 16
4 2 500 4
14 1 250 14
11 2 500 11
4 6 1500 47
4 4 1000 26
4 1 250 4
21 1 250 21
11 3 750 76
11 24 6000 64
14 2 500 35
2 11 2750 28
23 1 250 23
11 4 1000 28
4 2 500 4
16 14 3500 83
14 16 4000 70
9 3 750 34
2 1 250 2
11 1 250 11
4 2 500 13
11 3 750 16
4 2 500 4
4 4 1000 18
2 1 250 2
14 1 250 14
11 2 500 11
14 2 500 21
2 1 250 2
11 4 1000 61
11 7 1750 29
11 7 1750 37
2 12 3000 95
2 1 250 2
9 2 500 26
14 2 500 14
9 9 2250 54
14 2 500 14
14 4 1000 22
2 1 250 2
4 9 2250 28
2 5 1250 37
23 2 500 23
21 3 750 35
2 2 500 4
11 2 500 21
2 7 1750 77
11 4 1000 74
14 1 250 14
4 3 750 24
16 6 1500 50
9 9 2250 16
2 5 1250 16
16 1 250 16
4 2 500 14
8 2 500 16
12 9 2250 60
11 16 4000 89
22 1 250 22
2 14 3500 48
11 9 2250 33
2 9 2250 22
14 4 1000 26
4 8 2000 34
2 6 1500 47
21 1 250 21
4 33 8250 98
11 2 500 70
5 46 11500 98
11 1 250 11
74 1 250 74
0 13 3250 28
21 2 500 52
11 2 500 24
11 4 1000 34
4 5 1250 58
2 10 2500 52
2 4 1000 14
23 1 250 23
4 7 1750 32
4 9 2250 55
23 5 1250 33
23 2 500 28
14 2 500 14
14 8 2000 50
21 2 500 26
23 1 250 23
2 11 2750 23
2 7 1750 35
9 2 500 16
11 3 750 37
0 3 750 4
4 1 250 4
2 1 250 2
11 2 500 38
4 11 2750 28
14 3 750 33
21 2 500 35
11 14 3500 73
2 8 2000 28
4 1 250 4
2 1 250 2
2 7 1750 76
23 3 750 89
2 1 250 2
2 5 1250 34
4 2 500 41
16 6 1500 81
11 5 1250 41
4 2 500 4
13 4 1000 21
4 2 500 59
16 4 1000 45
4 1 250 4
3 8 2000 50
4 2 500 46
1 10 2500 43
40 1 250 40
21 1 250 21
11 9 2250 72
9 11 2750 49
2 2 500 4
4 14 3500 86
23 2 500 23
11 9 2250 38
2 16 4000 64
2 4 1000 16
4 5 1250 16
16 1 250 16
2 3 750 21
11 3 750 14
2 2 500 4
4 9 2250 46
25 6 1500 50
4 16 4000 70
11 1 250 11
11 3 750 26
23 1 250 23
23 2 500 26
14 7 1750 45
4 1 250 4
4 9 2250 40
11 5 1250 33
11 6 1500 41
11 7 1750 62
38 1 250 38
14 2 500 14
9 2 500 52
