6.279955927512639 2.5592778193920784
0.8547331036533395 8.603458226963609
3.720085982641569 1.1181976628327654
5.234929996549622 1.7886004083835694
10.240958808052135 8.731055561580943
3.9075966773947375 5.1664292889930845
1.0430581957251528 3.2701830140624266
8.41206694136443 1.573870898352356
1.1194989181701478 6.143850437600724
9.829111936167758 4.691474538824334
10.105839079833503 2.5589525917668077
5.4307971848955265 6.921927635127925
2.4724513669881354 2.0847196614185695
5.652385210198887 7.356979876133664
1.1976686556907112 7.335705462778851
9.558027787876235 0.6500316262878173
8.441056673170028 4.820004845013106
7.119852818422164 6.150756688933954
6.4417667597203705 1.8671264699403332
1.7552019326664212 0.3149033801339517
9.663646363985757 7.611651770646127
5.643131953645668 1.4916907751174273
9.14552960956961 4.1903807481897175
2.8008631348759776 5.196639466539413
6.04523779175769 4.4633586675079755
0.00037337137224813244 0.794902951919281
2.32990785481498 6.385645455611486
3.160007175599083 6.764105895671164
7.423393043532123 5.840719962904129
10.627929729441595 6.046000729379809
6.7843925324263985 8.03421242026984
0.0316568292873417 7.265818268441092
9.438905648005555 4.095608223261297
9.02557337842075 3.5527443300589976
2.219827976566849 0.16379416231302013
7.301434379168476 8.860215279197751
5.13550403532827 6.758428574404203
7.796923641846006 2.1865373702207376
0.5087481000549523 10.948217114767822
4.91950665356878 1.445265240970436
1.5449164429117586 9.834957717055397
6.09940686961805 6.152835814533663
4.514378847972079 9.23988893728192
2.004395426856669 4.910166401416594
6.390330110208261 0.36643744270151124
8.962959846436767 9.76992652922295
8.616815977811466 9.872343883114322
4.474232071109392 7.313653232075519
9.142831051471799 0.05724947034353345
5.728329595792943 4.837650721685709
9.526599879544884 10.293819593248761
2.505340906103867 0.6266998236005296
7.136336555270522 0.7589194513977766
5.91677614210465 1.6577163856300898
7.014364430802949 0.23394665042482843
3.4815990326295703 2.0815796591003517
3.323674328623971 7.241138743360143
6.679599533239508 1.6011838994436949
2.17340763213169 5.746753766845661
6.4208309442578795 1.6414622867346034
6.659111690518474 9.927179983684736
10.773466936532714 0.29428416001615487
0.950616056422984 2.987161978794049
0.9004812851123467 5.178194650655247
6.511055304712359 5.94441274649106
0.5680212574136563 1.2327076639049204
2.9367796189311557 9.770373482976037
4.2155656264560815 4.867138587500814
4.586259630316479 3.6618723168064813
4.00032373959462 3.02256371235061
0.2838449159608619 2.6434798984362358
4.152625125247722 5.713789783002421
10.181827716482728 6.67309334888431
2.1557111251026093 4.9048355007563105
1.762938596991455 8.401384733158965
8.213321896361496 8.449031746835738
7.184843684137089 0.9796614261318646
6.430646286897491 7.1629403302092305
8.838878194594026 7.80816268755646
3.979763904291566 7.017995325116415
6.446164821260544 3.6653323448246566
2.49861248789634 7.14938252358393
10.30289909185592 8.03551369811909
7.373768439298271 4.8276503476162205
0.05278337623207452 2.69913280335714
9.030130026016923 5.484814660755575
2.8253110527562586 6.374062052407164
10.686006388794082 10.15874929261635
5.706838023034108 1.4250178474276924
5.744685700133697 6.549798585149189
2.4972794886574246 8.229132382285513
3.7584511410172583 2.026000411385947
8.194780093699588 4.921180589723981
5.9166046794091205 5.1981743088276415
10.432293823842388 1.0557591653581757
9.99650730555146 2.241180107116887
7.182863903547773 2.5810041723664456
7.713788823774763 5.379738026057928
1.8982678957366084 1.5020188668434549
10.276158221178504 0.6325551730360479
8.301719594911676 10.91456938254278
8.632339451169397 3.655413379067494
10.003036325240027 9.47530771140903
8.398098616136144 5.6884404354873155
0.849039871287364 5.201115423887689
3.5436145059147965 4.503537339022675
7.117967212374474 6.894738873716705
8.979045039011258 10.505518597971372
4.921672114601119 2.782473542689753
7.752942702487483 6.241377358478786
0.7036640911779366 5.765006057108396
7.796251158754758 6.565822286761491
5.208749037248497 2.530218918393257
9.24377363047538 9.046702550215297
8.601352707735495 7.634384497920462
2.788644339673702 6.939101750089975
8.724310335181091 3.2356474035214218
3.3937603717500537 3.632241377313349
10.09315224554088 4.457190493739818
10.972573422133246 8.821104524746431
1.0285512633979232 8.038481423321137
10.744359470992102 5.704512137575407
8.56965270317256 8.36114955833974
0.26023637819098244 7.806911679181839
3.4137478283989373 3.5548027773880775
2.125826630147634 7.092840496334876
7.114280518728674 10.873402367626696
4.291628380116108 9.604141953632949
9.907320593226164 3.3745954800275273
4.1372653462165845 9.769933629530891
1.1626876270166724 1.6970066548766143
1.6370441259213753 3.5347894609611004
9.26310040198431 10.649694627136753
4.967358192365887 8.58021218466314
3.490143155821434 9.771426698034105
4.467625056302109 5.427914802208581
7.552657307237575 6.567425071626747
3.192091691654875 10.970790124391435
5.339394656761245 8.249102714689654
0.27593795319434844 4.5943802195900645
8.351082702751867 7.018547905059072
5.557736929817266 10.658339550422482
0.13897339321024627 4.544678131733934
9.537605941717889 0.9571973678649847
0.5554344522843173 1.4976886536422047
2.847315394856885 6.911981547002602
10.244718940423875 9.595750878679198
7.259207433548632 1.8646147523357741
8.71205628171696 4.874504293431967
0.0771484384706752 10.866490477774024
8.605040297758633 3.710997380272803
5.168414269949086 9.46780546528327
5.405605764781812 7.961860531983122
10.429344036662886 10.13264913153518
1.1273730689280752 3.870485089953006
6.239461579404893 7.436696124064499
7.719166971863158 2.528939498902997
7.536161798419157 2.2572971006823908
2.997330080714673 8.380918672716138
6.096960765179905 6.045216119483593
0.030998843697060297 0.26126505296011815
3.8859032886370777 3.6218324973492306
8.137195424602012 5.54581500878634
7.375415037673376 10.290360860579803
5.963054641152319 1.1935814136705314
9.23006104232512 0.7317816063489674
9.821879436769628 7.762666237599909
9.570717760607806 5.881760548017988
7.946975053842047 7.692297417518064
1.2546063374681538 9.863291364849063
10.388078781386577 8.991836954037908
6.249743011223635 6.797928437145469
8.975498972470332 9.759768457502656
1.057564389173109 6.314605459416631
1.5359730604569708 5.822013272797292
10.377727543630407 3.8980554441097532
7.3032630842852235 0.159885889002639
2.5943505682099266 5.475387054807205
2.671119013549167 3.511585133234435
8.26598766865681 3.5955411300374425
10.588171675260382 2.59399302316601
9.044856356992701 1.9805056713118718
10.256997555736493 10.95703754820158
4.7308866538598995 10.680283606802972
10.24242475950682 1.5787115510948797
8.350738254509952 10.08886962260181
7.41399835604089 8.313657488155648
8.8910242142985 1.802761836219999
5.2390453068410325 4.822866017925334
4.662726621370607 9.076709052596376
5.677794073652663 2.8539707603820275
2.81289118829646 6.937263464207154
2.156221646306884 3.324551890464706
4.56914952136906 0.1318414790480228
6.611306528334236 4.69588638627694
6.1612143210216095 3.639953110642539
6.847101401386376 9.04587889632207
1.976184477866328 10.945160258157957
2.733357435213068 10.415716352594306
5.660557428768098 4.230112669585984
