6.905268955010368 0.6793017783326968
10.49751962948392 3.093330972571621
8.383944749070798 9.92948997776892
2.028779214293408 0.07197370095683053
6.6876836213205975 4.496227872911542
0.9312160336922292 8.865248411753383
8.86040043730274 1.2705084394235033
1.8686397344368424 4.511119085733236
1.4696137160416292 2.919079233777268
0.8810222282078113 7.0282357185382764
1.216842500144271 1.2559804503022693
7.790358728264541 1.421523613682625
4.057893749502195 0.19826606772325728
3.498390939813191 2.9837392939390117
8.137199742459526 3.882698258898389
1.3277842301097222 0.4195408298958446
10.599351005499065 7.793255982460669
8.100926771344126 4.50906500881135
0.7297161211625072 2.048842854096998
7.929184856486951 7.868482110341951
5.229817281026738 4.487302806523278
1.487601047831396 6.79459685061865
7.022416954425269 9.095337175428213
8.25452209915194 8.41160673232516
2.232068098093362 2.940137633815935
6.594582321200359 2.2224225162603037
8.51646956493213 9.156722307574098
0.8839179612174619 2.7773096694347035
8.090539536155077 5.174068967823319
5.740701398519762 10.386565720074486
6.071176080646204 3.091806348830496
10.383742945758701 7.320515805837634
6.78146697716165 8.586595395532612
0.9525671371642743 0.4564128198631904
1.214043783663194 3.942803374081285
7.009031502018739 5.06846007874556
4.110069717840409 8.205987815207438
3.2865881674259043 4.489912578878156
5.246373549914145 0.7102474251810074
5.70504104787234 9.03881786414028
2.484865603142802 9.916871271742192
2.0452301624401605 4.967211453014635
5.094098924361642 9.116611086932405
1.348277688412626 7.020929761365902
5.97873629080488 9.496738544352938
7.359962686840133 3.3080962298198235
0.470432982585994 10.434576207519717
6.698237807290216 6.458271876562503
3.8681800765240806 2.837175961111795
1.9211215970985354 0.5264388607992353
